Ángulo del crista	Tasa con 35kV
theta/°	R(35kV)/Imp/s

19,0	271,0
19,1	296,0
19,2	311,0
19,3	311,0
19,4	449,0
19,5	860,0
19,6	856,0
19,7	2714,0
19,8	6153,0
19,9	4240,0
20,0	1420,0
20,1	479,0
20,2	386,0
20,3	359,0
20,4	309,0
20,5	293,0
20,6	281,0
20,7	302,0
20,8	284,0
20,9	275,0
21,0	254,0
21,1	255,0
21,2	262,0
21,3	248,0
21,4	251,0
21,5	251,0
21,6	262,0
21,7	253,0
21,8	253,0
21,9	232,0
22,0	245,0
22,1	259,0
22,2	222,0
22,3	239,0
22,4	227,0
22,5	219,0
22,6	236,0
22,7	220,0
22,8	236,0
22,9	214,0
23,0	225,0
23,1	212,0
23,2	223,0
23,3	222,0
23,4	219,0
23,5	207,0
23,6	225,0
23,7	215,0
23,8	217,0
23,9	211,0
24,0	217,0
