Ángulo del crista	Tasa con 13kV	Tasa con 15kV	Tasa con 17kV	Tasa con 19kV	Tasa con 21kV	Tasa con 23kV	Tasa con 25kV	Tasa con 27kV	Tasa con 29kV	Tasa con 31kV	Tasa con 33kV	Tasa con 35kV
theta/°	R(13kV)/Imp/s	R(15kV)/Imp/s	R(17kV)/Imp/s	R(19kV)/Imp/s	R(21kV)/Imp/s	R(23kV)/Imp/s	R(25kV)/Imp/s	R(27kV)/Imp/s	R(29kV)/Imp/s	R(31kV)/Imp/s	R(33kV)/Imp/s	R(35kV)/Imp/s

10,0	3,0	4,0	14,0	21,0	37,0	34,0	34,0	51,0	58,0	75,0	73,0	100,0
10,1	0,0	6,0	15,0	23,0	27,0	38,0	45,0	48,0	59,0	69,0	77,0	96,0
10,2	0,0	4,0	11,0	13,0	25,0	39,0	42,0	45,0	48,0	77,0	84,0	111,0
10,3	4,0	9,0	17,0	22,0	26,0	31,0	44,0	45,0	59,0	67,0	90,0	102,0
10,4	3,0	6,0	12,0	18,0	26,0	31,0	42,0	46,0	63,0	78,0	92,0	92,0
10,5	3,0	7,0	13,0	24,0	23,0	29,0	41,0	45,0	64,0	80,0	78,0	102,0
10,6	5,0	9,0	13,0	19,0	24,0	32,0	41,0	46,0	72,0	71,0	80,0	97,0
10,7	1,0	11,0	13,0	17,0	26,0	32,0	45,0	43,0	56,0	66,0	83,0	82,0
10,8	3,0	6,0	15,0	19,0	21,0	38,0	36,0	45,0	54,0	67,0	71,0	85,0
10,9	0,0	5,0	8,0	22,0	24,0	26,0	36,0	47,0	51,0	60,0	78,0	94,0
11,0	0,0	8,0	10,0	22,0	21,0	29,0	39,0	46,0	63,0	69,0	78,0	90,0
11,1	1,0	8,0	14,0	23,0	20,0	29,0	47,0	47,0	63,0	61,0	75,0	93,0
11,2	2,0	8,0	13,0	20,0	30,0	33,0	42,0	54,0	55,0	69,0	75,0	84,0
11,3	1,0	7,0	12,0	22,0	23,0	33,0	41,0	44,0	55,0	70,0	79,0	99,0
11,4	4,0	4,0	12,0	18,0	23,0	30,0	32,0	51,0	51,0	76,0	88,0	85,0
11,5	2,0	10,0	18,0	21,0	26,0	30,0	44,0	46,0	52,0	74,0	74,0	87,0
11,6	2,0	10,0	13,0	27,0	23,0	25,0	35,0	47,0	48,0	79,0	77,0	99,0
11,7	3,0	10,0	15,0	20,0	23,0	36,0	43,0	54,0	53,0	63,0	84,0	87,0
11,8	4,0	10,0	15,0	19,0	24,0	32,0	37,0	48,0	51,0	63,0	83,0	96,0
11,9	2,0	11,0	9,0	17,0	24,0	38,0	45,0	55,0	55,0	62,0	81,0	89,0
12,0	1,0	8,0	16,0	17,0	25,0	28,0	38,0	60,0	52,0	58,0	83,0	99,0
12,1	2,0	10,0	15,0	22,0	20,0	33,0	30,0	45,0	54,0	62,0	80,0	93,0
12,2	1,0	12,0	15,0	24,0	27,0	34,0	36,0	39,0	55,0	68,0	69,0	93,0
12,3	3,0	8,0	14,0	19,0	25,0	32,0	28,0	37,0	67,0	68,0	71,0	99,0
12,4	5,0	9,0	14,0	23,0	25,0	31,0	35,0	45,0	59,0	58,0	79,0	99,0
12,5	5,0	9,0	14,0	19,0	18,0	28,0	43,0	41,0	57,0	68,0	74,0	91,0
12,6	1,0	10,0	14,0	19,0	23,0	32,0	36,0	54,0	60,0	56,0	86,0	92,0
12,7	7,0	6,0	17,0	19,0	27,0	30,0	32,0	59,0	63,0	71,0	74,0	91,0
12,8	7,0	8,0	14,0	21,0	24,0	31,0	44,0	54,0	57,0	76,0	72,0	81,0
12,9	4,0	10,0	14,0	21,0	28,0	35,0	34,0	51,0	49,0	59,0	72,0	101,0
13,0	5,0	12,0	12,0	23,0	22,0	28,0	33,0	50,0	54,0	60,0	81,0	90,0
13,1	7,0	12,0	14,0	22,0	18,0	32,0	39,0	42,0	53,0	62,0	82,0	85,0
13,2	5,0	11,0	19,0	22,0	26,0	29,0	22,0	53,0	53,0	63,0	85,0	93,0
13,3	4,0	9,0	13,0	16,0	25,0	37,0	43,0	47,0	52,0	65,0	77,0	99,0
13,4	4,0	9,0	12,0	22,0	35,0	33,0	40,0	40,0	69,0	72,0	76,0	90,0
13,5	5,0	11,0	17,0	22,0	26,0	30,0	36,0	47,0	56,0	68,0	76,0	78,0
13,6	6,0	12,0	14,0	17,0	25,0	34,0	35,0	44,0	43,0	72,0	75,0	92,0
13,7	1,0	7,0	17,0	21,0	26,0	25,0	44,0	47,0	50,0	63,0	73,0	88,0
13,8	6,0	7,0	12,0	19,0	24,0	29,0	40,0	51,0	44,0	60,0	70,0	91,0
13,9	4,0	10,0	11,0	17,0	0,0	33,0	32,0	45,0	52,0	59,0	73,0	85,0
14,0	4,0	11,0	12,0	16,0	22,0	23,0	35,0	42,0	50,0	56,0	70,0	82,0
14,1	3,0	11,0	14,0	17,0	19,0	25,0	36,0	42,0	47,0	52,0	80,0	74,0
14,2	4,0	6,0	15,0	19,0	20,0	23,0	36,0	40,0	53,0	72,0	75,0	85,0
14,3	6,0	11,0	21,0	19,0	21,0	26,0	29,0	46,0	59,0	66,0	72,0	85,0
14,4	4,0	7,0	14,0	15,0	18,0	20,0	29,0	41,0	61,0	51,0	77,0	79,0
14,5	4,0	10,0	16,0	17,0	20,0	37,0	29,0	44,0	55,0	49,0	72,0	79,0
14,6	6,0	6,0	14,0	17,0	21,0	29,0	30,0	44,0	51,0	61,0	71,0	93,0
14,7	7,0	10,0	13,0	21,0	15,0	24,0	32,0	36,0	48,0	55,0	59,0	70,0
14,8	0,0	10,0	14,0	20,0	20,0	32,0	33,0	45,0	44,0	62,0	67,0	78,0
14,9	3,0	5,0	16,0	13,0	23,0	33,0	26,0	40,0	58,0	45,0	68,0	74,0
15,0	3,0	6,0	12,0	16,0	18,0	23,0	49,0	45,0	54,0	52,0	59,0	78,0
15,1	9,0	7,0	10,0	17,0	19,0	26,0	32,0	39,0	47,0	58,0	60,0	66,0
15,2	6,0	11,0	15,0	24,0	26,0	24,0	32,0	39,0	51,0	52,0	67,0	77,0
15,3	4,0	8,0	15,0	12,0	24,0	28,0	37,0	39,0	49,0	48,0	65,0	77,0
15,4	3,0	10,0	9,0	12,0	21,0	28,0	32,0	45,0	56,0	52,0	58,0	66,0
15,5	4,0	7,0	15,0	7,0	23,0	22,0	34,0	41,0	44,0	56,0	61,0	83,0
15,6	5,0	7,0	13,0	14,0	23,0	24,0	32,0	41,0	49,0	59,0	67,0	72,0
15,7	5,0	11,0	11,0	19,0	25,0	28,0	33,0	36,0	39,0	51,0	72,0	72,0
15,8	4,0	11,0	12,0	14,0	19,0	32,0	38,0	44,0	39,0	61,0	70,0	74,0
15,9	7,0	8,0	16,0	17,0	25,0	28,0	31,0	39,0	51,0	52,0	62,0	71,0
16,0	3,0	10,0	15,0	16,0	26,0	28,0	32,0	45,0	46,0	62,0	70,0	81,0
16,1	6,0	11,0	15,0	15,0	24,0	24,0	26,0	42,0	49,0	45,0	66,0	67,0
16,2	4,0	11,0	10,0	14,0	30,0	25,0	29,0	39,0	54,0	51,0	69,0	74,0
16,3	5,0	3,0	9,0	23,0	19,0	26,0	32,0	44,0	50,0	67,0	64,0	69,0
16,4	5,0	11,0	10,0	13,0	23,0	27,0	33,0	32,0	48,0	57,0	77,0	88,0
16,5	5,0	10,0	17,0	11,0	21,0	28,0	36,0	47,0	60,0	52,0	61,0	69,0
16,6	6,0	10,0	12,0	16,0	18,0	31,0	30,0	42,0	42,0	57,0	63,0	77,0
16,7	5,0	10,0	14,0	17,0	27,0	28,0	26,0	38,0	51,0	54,0	65,0	87,0
16,8	7,0	8,0	10,0	16,0	16,0	20,0	30,0	32,0	49,0	52,0	59,0	79,0
16,9	8,0	11,0	13,0	17,0	20,0	26,0	35,0	41,0	54,0	50,0	65,0	68,0
17,0	5,0	13,0	15,0	16,0	23,0	33,0	29,0	33,0	58,0	51,0	60,0	78,0
17,1	6,0	6,0	9,0	18,0	18,0	29,0	35,0	43,0	48,0	53,0	78,0	83,0
17,2	7,0	13,0	20,0	22,0	30,0	31,0	46,0	48,0	64,0	67,0	77,0	90,0
17,3	7,0	15,0	14,0	26,0	28,0	45,0	41,0	51,0	63,0	72,0	85,0	108,0
17,4	11,0	16,0	31,0	35,0	39,0	67,0	73,0	78,0	83,0	123,0	123,0	144,0
17,5	26,0	49,0	79,0	128,0	164,0	215,0	256,0	289,0	355,0	384,0	455,0	514,0
17,6	22,0	47,0	71,0	103,0	154,0	192,0	217,0	269,0	317,0	383,0	419,0	464,0
17,7	8,0	17,0	25,0	32,0	50,0	61,0	75,0	110,0	115,0	132,0	150,0	184,0
17,8	7,0	11,0	16,0	21,0	27,0	24,0	62,0	61,0	76,0	76,0	98,0	107,0
17,9	6,0	11,0	19,0	18,0	23,0	36,0	48,0	54,0	56,0	77,0	82,0	98,0
18,0	5,0	13,0	18,0	20,0	24,0	33,0	44,0	45,0	49,0	67,0	71,0	94,0
18,1	6,0	10,0	12,0	19,0	30,0	31,0	39,0	45,0	59,0	62,0	71,0	87,0
18,2	6,0	11,0	14,0	32,0	25,0	28,0	44,0	52,0	49,0	70,0	77,0	91,0
18,3	8,0	5,0	16,0	17,0	21,0	35,0	36,0	42,0	58,0	62,0	79,0	90,0
18,4	4,0	10,0	13,0	20,0	24,0	31,0	36,0	44,0	55,0	70,0	72,0	86,0
18,5	8,0	15,0	13,0	17,0	30,0	32,0	38,0	46,0	52,0	64,0	68,0	86,0
18,6	6,0	9,0	15,0	22,0	23,0	28,0	40,0	44,0	63,0	61,0	67,0	82,0
18,7	2,0	10,0	13,0	19,0	27,0	29,0	36,0	48,0	59,0	66,0	65,0	88,0
18,8	3,0	11,0	12,0	19,0	23,0	24,0	41,0	54,0	51,0	54,0	76,0	93,0
18,9	5,0	10,0	15,0	18,0	30,0	29,0	41,0	44,0	54,0	59,0	84,0	78,0
19,0	6,0	6,0	17,0	21,0	21,0	27,0	38,0	46,0	49,0	70,0	77,0	82,0
19,1	3,0	16,0	11,0	20,0	26,0	30,0	33,0	41,0	49,0	52,0	70,0	76,0
19,2	4,0	10,0	14,0	17,0	28,0	27,0	35,0	43,0	59,0	57,0	81,0	81,0
19,3	7,0	13,0	13,0	23,0	20,0	33,0	33,0	42,0	54,0	63,0	68,0	85,0
19,4	8,0	11,0	22,0	30,0	34,0	48,0	55,0	68,0	76,0	84,0	94,0	120,0
19,5	10,0	15,0	30,0	44,0	55,0	65,0	88,0	105,0	122,0	146,0	169,0	197,0
19,6	12,0	17,0	30,0	45,0	66,0	80,0	96,0	103,0	127,0	170,0	171,0	208,0
19,7	55,0	98,0	199,0	240,0	315,0	413,0	484,0	562,0	641,0	727,0	810,0	875,0
19,8	119,0	237,0	364,0	552,0	711,0	880,0	1086,0	1252,0	1471,0	1678,0	1829,0	2044,0
19,9	93,0	197,0	288,0	410,0	534,0	713,0	840,0	1012,0	1190,0	1312,0	1490,0	1692,0
20,0	12,0	33,0	47,0	80,0	89,0	135,0	157,0	205,0	227,0	282,0	316,0	382,0
20,1	11,0	11,0	15,0	27,0	40,0	47,0	55,0	71,0	79,0	107,0	118,0	122,0
20,2	4,0	11,0	11,0	20,0	30,0	45,0	49,0	58,0	60,0	81,0	92,0	104,0
20,3	5,0	9,0	11,0	21,0	24,0	34,0	44,0	48,0	45,0	65,0	90,0	96,0
20,4	6,0	7,0	12,0	18,0	29,0	37,0	44,0	47,0	58,0	63,0	64,0	79,0
20,5	5,0	10,0	13,0	19,0	26,0	30,0	37,0	33,0	51,0	56,0	69,0	91,0
20,6	4,0	13,0	11,0	18,0	22,0	28,0	45,0	45,0	52,0	49,0	63,0	85,0
20,7	5,0	6,0	13,0	19,0	24,0	24,0	39,0	44,0	51,0	68,0	68,0	79,0
20,8	4,0	11,0	12,0	18,0	26,0	25,0	38,0	37,0	52,0	54,0	75,0	87,0
20,9	5,0	8,0	13,0	13,0	26,0	31,0	33,0	46,0	49,0	51,0	54,0	78,0
21,0	3,0	11,0	12,0	14,0	20,0	28,0	32,0	45,0	50,0	51,0	56,0	82,0
