Ángulo del crista	Tasa con 35kV
theta/°	R(35kV)/Imp/s

3,0	4564,0
3,1	4158,0
3,2	3817,0
3,3	3420,0
3,4	3093,0
3,5	2758,0
3,6	2441,0
3,7	2106,0
3,8	1861,0
3,9	1599,0
4,0	1418,0
4,1	1202,0
4,2	1107,0
4,3	1038,0
4,4	1010,0
4,5	950,0
4,6	947,0
4,7	904,0
4,8	854,0
4,9	854,0
5,0	786,0
5,1	798,0
5,2	800,0
5,3	761,0
5,4	767,0
5,5	747,0
5,6	686,0
5,7	680,0
5,8	695,0
5,9	664,0
6,0	662,0
6,1	619,0
6,2	622,0
6,3	620,0
6,4	631,0
6,5	649,0
6,6	604,0
6,7	599,0
6,8	586,0
6,9	578,0
7,0	562,0
7,1	554,0
7,2	559,0
7,3	554,0
7,4	557,0
7,5	553,0
7,6	532,0
7,7	500,0
7,8	516,0
7,9	489,0
8,0	487,0
8,1	485,0
8,2	477,0
8,3	486,0
8,4	472,0
8,5	451,0
8,6	475,0
8,7	446,0
8,8	426,0
8,9	427,0
9,0	423,0
9,1	403,0
9,2	404,0
9,3	401,0
9,4	373,0
9,5	369,0
9,6	400,0
9,7	362,0
9,8	379,0
9,9	362,0
10,0	341,0
10,1	372,0
10,2	339,0
10,3	348,0
10,4	345,0
10,5	324,0
10,6	328,0
10,7	334,0
10,8	337,0
10,9	328,0
11,0	317,0
11,1	331,0
11,2	326,0
11,3	321,0
11,4	320,0
11,5	316,0
11,6	322,0
11,7	322,0
11,8	321,0
11,9	319,0
12,0	320,0
12,1	305,0
12,2	328,0
12,3	316,0
12,4	310,0
12,5	316,0
12,6	299,0
12,7	309,0
12,8	310,0
12,9	323,0
13,0	306,0
13,1	307,0
13,2	293,0
13,3	287,0
13,4	283,0
13,5	305,0
13,6	289,0
13,7	291,0
13,8	285,0
13,9	293,0
14,0	293,0
14,1	291,0
14,2	289,0
14,3	290,0
14,4	283,0
14,5	276,0
14,6	284,0
14,7	292,0
14,8	289,0
14,9	292,0
15,0	287,0
15,1	263,0
15,2	292,0
15,3	272,0
15,4	277,0
15,5	298,0
15,6	261,0
15,7	282,0
15,8	279,0
15,9	277,0
16,0	292,0
16,1	317,0
16,2	301,0
16,3	300,0
16,4	294,0
16,5	281,0
16,6	295,0
16,7	296,0
16,8	290,0
16,9	282,0
17,0	297,0
17,1	314,0
17,2	446,0
17,3	444,0
17,4	606,0
17,5	1765,0
17,6	1344,0
17,7	520,0
17,8	376,0
17,9	371,0
18,0	349,0
18,1	320,0
18,2	316,0
18,3	342,0
18,4	315,0
18,5	316,0
18,6	328,0
18,7	309,0
18,8	305,0
18,9	322,0
19,0	286,0
19,1	319,0
19,2	308,0
19,3	344,0
19,4	566,0
19,5	1062,0
19,6	1125,0
19,7	3029,0
19,8	6636,0
19,9	4198,0
20,0	944,0
20,1	454,0
20,2	400,0
20,3	352,0
20,4	319,0
20,5	314,0
20,6	298,0
20,7	288,0
20,8	281,0
20,9	261,0
21,0	246,0
21,1	261,0
21,2	256,0
21,3	232,0
21,4	242,0
21,5	244,0
21,6	257,0
21,7	251,0
21,8	249,0
21,9	228,0
22,0	242,0
22,1	236,0
22,2	245,0
22,3	252,0
22,4	242,0
22,5	232,0
22,6	228,0
22,7	231,0
22,8	222,0
22,9	217,0
23,0	225,0
23,1	224,0
23,2	219,0
23,3	210,0
23,4	212,0
23,5	232,0
23,6	218,0
23,7	231,0
23,8	218,0
23,9	221,0
24,0	205,0
24,1	215,0
24,2	221,0
24,3	207,0
24,4	212,0
24,5	219,0
24,6	206,0
24,7	214,0
24,8	203,0
24,9	199,0
25,0	217,0
25,1	210,0
25,2	208,0
25,3	210,0
25,4	197,0
25,5	194,0
25,6	203,0
25,7	204,0
25,8	199,0
25,9	221,0
26,0	211,0
26,1	213,0
26,2	188,0
26,3	200,0
26,4	200,0
26,5	196,0
26,6	194,0
26,7	192,0
26,8	189,0
26,9	197,0
27,0	193,0
27,1	201,0
27,2	201,0
27,3	214,0
27,4	193,0
27,5	205,0
27,6	210,0
27,7	216,0
27,8	215,0
27,9	203,0
28,0	204,0
28,1	202,0
28,2	188,0
28,3	205,0
28,4	200,0
28,5	192,0
28,6	212,0
28,7	189,0
28,8	186,0
28,9	188,0
29,0	188,0
29,1	204,0
29,2	204,0
29,3	192,0
29,4	196,0
29,5	195,0
29,6	189,0
29,7	191,0
29,8	179,0
29,9	197,0
30,0	201,0
30,1	199,0
30,2	204,0
30,3	198,0
30,4	198,0
30,5	195,0
30,6	178,0
30,7	194,0
30,8	211,0
30,9	205,0
31,0	205,0
31,1	213,0
31,2	213,0
31,3	206,0
31,4	215,0
31,5	218,0
31,6	200,0
31,7	196,0
31,8	196,0
31,9	197,0
32,0	0,0
32,1	201,0
32,2	178,0
32,3	202,0
32,4	193,0
32,5	189,0
32,6	186,0
32,7	186,0
32,8	191,0
32,9	174,0
33,0	183,0
33,1	167,0
33,2	176,0
33,3	179,0
33,4	179,0
33,5	194,0
33,6	175,0
33,7	178,0
33,8	182,0
33,9	164,0
34,0	178,0
34,1	181,0
34,2	172,0
34,3	171,0
34,4	167,0
34,5	176,0
34,6	165,0
34,7	164,0
34,8	177,0
34,9	171,0
35,0	170,0
35,1	152,0
35,2	173,0
35,3	173,0
35,4	171,0
35,5	178,0
35,6	179,0
35,7	183,0
35,8	173,0
35,9	172,0
36,0	177,0
36,1	166,0
36,2	178,0
36,3	181,0
36,4	174,0
36,5	169,0
36,6	176,0
36,7	186,0
36,8	176,0
36,9	181,0
37,0	168,0
37,1	179,0
37,2	178,0
37,3	187,0
37,4	179,0
37,5	196,0
37,6	190,0
37,7	188,0
37,8	175,0
37,9	170,0
38,0	177,0
38,1	195,0
38,2	192,0
38,3	177,0
38,4	172,0
38,5	171,0
38,6	174,0
38,7	176,0
38,8	177,0
38,9	178,0
39,0	183,0
39,1	176,0
39,2	159,0
39,3	194,0
39,4	179,0
39,5	184,0
39,6	179,0
39,7	177,0
39,8	157,0
39,9	174,0
40,0	166,0
40,1	176,0
40,2	176,0
40,3	166,0
40,4	185,0
40,5	183,0
40,6	191,0
40,7	201,0
40,8	238,0
40,9	392,0
41,0	411,0
41,1	328,0
41,2	180,0
41,3	176,0
41,4	184,0
41,5	173,0
41,6	178,0
41,7	170,0
41,8	172,0
41,9	162,0
42,0	186,0
42,1	176,0
42,2	169,0
42,3	177,0
42,4	180,0
42,5	173,0
42,6	187,0
42,7	171,0
42,8	171,0
42,9	168,0
43,0	166,0
43,1	183,0
43,2	177,0
43,3	175,0
43,4	182,0
43,5	176,0
43,6	176,0
43,7	168,0
43,8	154,0
43,9	171,0
44,0	185,0
44,1	177,0
44,2	168,0
44,3	171,0
44,4	169,0
44,5	166,0
44,6	182,0
44,7	170,0
44,8	175,0
44,9	186,0
45,0	176,0
45,1	185,0
45,2	190,0
45,3	174,0
45,4	177,0
45,5	179,0
45,6	185,0
45,7	185,0
45,8	179,0
45,9	179,0
46,0	187,0
46,1	189,0
46,2	185,0
46,3	197,0
46,4	192,0
46,5	170,0
46,6	189,0
46,7	222,0
46,8	246,0
46,9	342,0
47,0	1003,0
47,1	1261,0
47,2	1110,0
47,3	750,0
47,4	354,0
47,5	238,0
47,6	208,0
47,7	191,0
47,8	179,0
47,9	192,0
48,0	187,0
48,1	193,0
48,2	194,0
48,3	180,0
48,4	189,0
48,5	194,0
48,6	184,0
48,7	173,0
48,8	175,0
48,9	189,0
49,0	170,0
49,1	191,0
49,2	182,0
49,3	185,0
49,4	193,0
49,5	202,0
49,6	177,0
49,7	173,0
49,8	180,0
49,9	191,0
50,0	170,0
50,1	175,0
50,2	166,0
50,3	192,0
50,4	174,0
50,5	179,0
50,6	175,0
50,7	176,0
50,8	178,0
50,9	169,0
51,0	170,0
51,1	177,0
51,2	174,0
51,3	171,0
51,4	189,0
51,5	168,0
51,6	179,0
51,7	177,0
51,8	179,0
51,9	168,0
52,0	196,0
52,1	184,0
52,2	177,0
52,3	182,0
52,4	178,0
52,5	176,0
52,6	184,0
52,7	173,0
52,8	174,0
52,9	182,0
53,0	179,0
53,1	179,0
53,2	176,0
53,3	179,0
53,4	176,0
53,5	188,0
53,6	187,0
53,7	186,0
53,8	185,0
53,9	192,0
54,0	186,0
54,1	183,0
54,2	185,0
54,3	181,0
54,4	190,0
54,5	176,0
54,6	181,0
54,7	174,0
54,8	180,0
54,9	190,0
55,0	191,0
