Ángulo del crista	Tasa con 11kV	Tasa con 13kV	Tasa con 15kV	Tasa con 17kV	Tasa con 19kV	Tasa con 21kV	Tasa con 23kV	Tasa con 25kV	Tasa con 27kV	Tasa con 29kV	Tasa con 31kV	Tasa con 33kV	Tasa con 35kV
theta/°	R(11kV)/Imp/s	R(13kV)/Imp/s	R(15kV)/Imp/s	R(17kV)/Imp/s	R(19kV)/Imp/s	R(21kV)/Imp/s	R(23kV)/Imp/s	R(25kV)/Imp/s	R(27kV)/Imp/s	R(29kV)/Imp/s	R(31kV)/Imp/s	R(33kV)/Imp/s	R(35kV)/Imp/s

19,0	7,0	15,0	26,0	44,0	64,0	88,0	112,0	132,0	146,0	165,0	225,0	229,0	286,0
19,1	12,0	26,0	28,0	49,0	58,0	77,0	111,0	132,0	162,0	180,0	226,0	244,0	297,0
19,2	9,0	19,0	34,0	46,0	64,0	88,0	102,0	140,0	169,0	201,0	226,0	280,0	307,0
19,3	9,0	23,0	37,0	50,0	66,0	84,0	115,0	138,0	182,0	213,0	221,0	273,0	324,0
19,4	15,0	25,0	52,0	70,0	106,0	131,0	171,0	203,0	249,0	289,0	316,0	381,0	439,0
19,5	25,0	58,0	106,0	131,0	216,0	258,0	321,0	414,0	499,0	555,0	660,0	723,0	803,0
19,6	19,0	40,0	99,0	161,0	211,0	246,0	336,0	425,0	510,0	550,0	631,0	746,0	877,0
19,7	61,0	178,0	338,0	485,0	661,0	882,0	1051,0	1242,0	1421,0	1654,0	1776,0	1975,0	2104,0
19,8	126,0	431,0	776,0	1190,0	1683,0	2092,0	2654,0	3054,0	3612,0	4079,0	4535,0	5182,0	5855,0
19,9	84,0	298,0	576,0	882,0	1308,0	1658,0	1999,0	2426,0	2783,0	3195,0	3698,0	4091,0	4585,0
20,0	31,0	95,0	159,0	275,0	401,0	520,0	669,0	801,0	991,0	1191,0	1256,0	1500,0	1632,0
20,1	9,0	25,0	50,0	75,0	98,0	137,0	190,0	240,0	267,0	339,0	368,0	436,0	482,0
20,2	11,0	21,0	45,0	50,0	92,0	128,0	133,0	175,0	219,0	254,0	284,0	352,0	393,0
20,3	12,0	18,0	29,0	60,0	85,0	96,0	128,0	179,0	172,0	236,0	281,0	303,0	354,0
20,4	6,0	21,0	31,0	42,0	66,0	93,0	113,0	150,0	166,0	228,0	230,0	276,0	306,0
20,5	9,0	19,0	29,0	44,0	67,0	84,0	104,0	126,0	170,0	184,0	0,0	258,0	307,0
20,6	8,0	16,0	34,0	46,0	56,0	79,0	108,0	133,0	158,0	181,0	217,0	252,0	312,0
20,7	11,0	19,0	31,0	40,0	63,0	84,0	108,0	137,0	152,0	183,0	232,0	245,0	291,0
20,8	11,0	16,0	33,0	42,0	71,0	87,0	107,0	116,0	161,0	155,0	228,0	266,0	294,0
20,9	6,0	14,0	25,0	47,0	60,0	69,0	90,0	108,0	158,0	184,0	208,0	250,0	278,0
21,0	10,0	16,0	29,0	47,0	65,0	81,0	89,0	120,0	148,0	169,0	197,0	240,0	274,0
21,1	14,0	15,0	26,0	39,0	57,0	65,0	80,0	104,0	116,0	152,0	181,0	218,0	263,0
21,2	9,0	16,0	26,0	34,0	46,0	71,0	84,0	125,0	131,0	152,0	186,0	226,0	261,0
21,3	8,0	17,0	22,0	36,0	57,0	72,0	81,0	117,0	111,0	151,0	176,0	214,0	234,0
21,4	10,0	14,0	24,0	45,0	54,0	77,0	78,0	97,0	144,0	154,0	172,0	235,0	221,0
21,5	6,0	17,0	26,0	40,0	56,0	79,0	86,0	114,0	136,0	155,0	186,0	210,0	262,0
21,6	10,0	17,0	21,0	39,0	58,0	72,0	82,0	110,0	130,0	173,0	186,0	218,0	261,0
21,7	6,0	12,0	24,0	43,0	44,0	68,0	79,0	119,0	131,0	160,0	197,0	201,0	241,0
21,8	8,0	13,0	24,0	32,0	55,0	66,0	78,0	112,0	126,0	149,0	184,0	201,0	234,0
21,9	8,0	14,0	22,0	42,0	47,0	81,0	90,0	105,0	121,0	157,0	180,0	226,0	250,0
22,0	7,0	13,0	21,0	35,0	54,0	65,0	88,0	108,0	132,0	134,0	180,0	194,0	245,0
22,1	8,0	16,0	21,0	29,0	56,0	66,0	97,0	101,0	123,0	147,0	175,0	195,0	227,0
22,2	6,0	15,0	27,0	28,0	58,0	65,0	84,0	101,0	121,0	163,0	175,0	198,0	236,0
22,3	4,0	14,0	25,0	37,0	44,0	67,0	82,0	100,0	120,0	140,0	169,0	203,0	220,0
22,4	8,0	15,0	17,0	23,0	50,0	64,0	80,0	98,0	112,0	139,0	167,0	189,0	215,0
22,5	5,0	13,0	17,0	30,0	44,0	53,0	83,0	89,0	107,0	152,0	198,0	204,0	226,0
22,6	6,0	15,0	19,0	43,0	39,0	59,0	76,0	108,0	124,0	145,0	156,0	186,0	205,0
22,7	9,0	13,0	23,0	30,0	47,0	57,0	80,0	98,0	125,0	133,0	159,0	191,0	228,0
22,8	4,0	16,0	25,0	37,0	45,0	53,0	83,0	101,0	107,0	139,0	169,0	204,0	208,0
22,9	6,0	14,0	25,0	30,0	47,0	64,0	76,0	85,0	112,0	148,0	152,0	199,0	239,0
23,0	4,0	19,0	20,0	37,0	49,0	71,0	73,0	108,0	117,0	132,0	158,0	203,0	228,0
23,1	4,0	8,0	19,0	39,0	46,0	62,0	75,0	96,0	107,0	142,0	174,0	185,0	213,0
23,2	5,0	14,0	17,0	37,0	51,0	57,0	74,0	84,0	119,0	137,0	184,0	206,0	238,0
23,3	6,0	8,0	24,0	40,0	40,0	67,0	89,0	94,0	111,0	139,0	168,0	177,0	221,0
23,4	7,0	8,0	23,0	30,0	44,0	52,0	74,0	93,0	113,0	138,0	161,0	184,0	217,0
23,5	7,0	12,0	18,0	31,0	41,0	68,0	75,0	89,0	98,0	127,0	157,0	188,0	221,0
23,6	9,0	13,0	16,0	28,0	39,0	46,0	83,0	101,0	108,0	132,0	140,0	175,0	215,0
23,7	5,0	12,0	28,0	27,0	39,0	57,0	74,0	80,0	112,0	133,0	165,0	207,0	229,0
23,8	7,0	14,0	18,0	28,0	41,0	55,0	77,0	86,0	112,0	138,0	155,0	192,0	220,0
23,9	7,0	11,0	18,0	33,0	43,0	52,0	62,0	89,0	104,0	138,0	163,0	177,0	209,0
24,0	5,0	9,0	19,0	31,0	41,0	65,0	75,0	90,0	112,0	125,0	158,0	183,0	225,0
